pnMean: 0.1106666666666668
recallnMean: 0.14863128613646742
MAP: 0.26420972957084093
pnMean: 0.07644444444444451
recallnMean: 0.19872667822011614
MAP: 0.26420972957084093
